potID,replicate,treatment,no_poll,dl,whc,mwd,wsa_b,wdpt,log_cop_gS
1,a,Surfactant,1,8,55,1.020757785,0.6129032258,1,23.4363915776719
2,c,Surfactant,1,12,35,0.678911215,0.5862068965999999,2,23.2978390489919
3,b,Surfactant,1,3,80,1.103846014,0.5,2,23.0864196812757
4,c,µPlastic,1,9,50,0.8276279461,0.4375,2,23.168875180942
5,a,µPlastic,1,7,60,1.186751724,0.5483870968,2,23.4151451927822
6,b,Salinity,1,11,40,0.6850470383,0.5757575758,3,23.3405182668974
7,b,Salinity,1,3,80,1.134652015,0.5483870968,1e-16,23.1758444742255
8,a,Copper,1,3,80,1.054707668,0.40625,1e-16,23.2199861735301
9,b,Ctrl,0,15,20,0.6493088235,0.6410256409999999,4,23.4442519797988
10,b,Copper,1,13,30,0.5777794613,0.4117647059,3,23.5789748161091
11,c,Surfactant,1,14,25,0.6005017007,0.5806451613,4,23.5464674343182
12,a,All_in,5,2,85,0.9485663082,0.5161290323,1,23.5619620244764
13,a,Surfactant,1,5,70,1.07026259,0.5151515152,2,23.3817449741502
14,c,Salinity,1,9,50,0.8480162455,0.4117647059,1,23.5163150602137
15,c,µPlastic,1,1,90,0.8451660517,0.5294117647000001,1,23.2628914776766
16,a,All_in,5,14,25,0.6023047138,0.46875,5,23.659850770865
17,a,Copper,1,10,45,0.688790378,0.5151515152,3,23.5496296918442
18,c,Surfactant,1,1,90,1.061671004,0.3870967742,4,23.5126654776014
19,c,Copper,1,9,50,0.8139616788,0.5666666667,2,23.4158714296965
20,b,Ctrl,0,4,75,0.3922974138,0.15625,1e-16,23.0644796292952
21,c,Nitrogen,1,14,25,0.701505137,0.6551724138,3,23.3896931808576
22,b,Salinity,1,14,25,0.5278605442,0.3428571429,4,23.4401643966022
23,a,Nitrogen,1,7,60,0.9684395018,0.5625,1,23.2817006122347
24,b,Nitrogen,1,4,75,0.997130742,0.4333333333,1,23.2582555227516
25,a,Copper,1,2,85,1.059729927,0.44444444439999997,1e-16,23.0862309229334
26,b,Nitrogen,1,9,50,1.073873288,0.5666666667,1e-16,23.3671367853804
27,b,Ctrl,0,3,80,0.4726594828,0.25,1e-16,23.4472261752161
28,c,Copper,1,7,60,1.294066308,0.5,1e-16,23.2316498953288
29,c,Surfactant,1,2,85,1.181181818,0.6129032258,1,23.0541009062859
30,a,Nitrogen,1,1,90,1.222385932,0.46875,2,23.2127190718436
31,a,Surfactant,1,4,75,1.132474453,0.44117647060000004,1e-16,23.1231833217201
32,c,Copper,1,14,25,0.5792382671,0.5625,4,23.5742883101339
33,a,Salinity,1,13,30,0.6049865772,0.4838709677,3,23.4888399088266
34,b,Salinity,1,13,30,0.5257534965,0.4375,5,23.4067507455369
35,a,Surfactant,1,6,65,1.405218638,0.46666666669999995,1e-16,23.4431109655304
36,b,µPlastic,1,11,40,0.713005102,0.5666666667,4,23.3319806877492
37,b,Nitrogen,1,14,25,0.5950918728,0.4545454545,4,23.6484184771378
38,b,Salinity,1,6,65,1.440716606,0.4375,1e-16,23.369870885612
39,a,All_in,5,6,65,0.9876087719,0.8571428570999999,2,23.4276896848821
40,a,Surfactant,1,1,90,1.168724074,0.34375,2,23.1483335472642
41,c,Ctrl,0,8,55,0.6413669355,0.53125,1e-16,23.5591936954112
42,b,Salinity,1,4,75,0.8984329502,0.6774193547999999,2,23.4329399970978
43,a,Copper,1,13,30,0.5990813149,0.28571428569999996,5,23.5047502937892
44,a,All_in,5,13,30,0.5925606061,0.33333333330000003,4,23.6503988876489
45,b,Surfactant,1,8,55,1.305494662,0.9032258065000001,1e-16,23.1308746091925
46,a,Nitrogen,1,5,70,1.140577652,0.4838709677,1e-16,23.2045781345563
47,b,Surfactant,1,9,50,0.7544784173,0.5454545455,2,23.4997731220508
48,c,Salinity,1,11,40,0.6440120275,0.4545454545,3,23.462866221859
49,a,Salinity,1,4,75,0.8380584906,0.5333333333,1e-16,23.2085510349455
50,a,Salinity,1,11,40,0.6871630824,0.5151515152,1,23.344189326355
51,b,Copper,1,4,75,1.10375,0.37142857139999996,1e-16,23.330652746599
52,a,µPlastic,1,8,55,1.045517544,0.9032258065000001,1e-16,23.279632801618
53,c,Surfactant,1,3,80,1.078195652,0.46666666669999995,3,23.4166040212442
54,a,Nitrogen,1,13,30,0.631242268,0.5483870968,5,23.4306854175253
55,a,Salinity,1,6,65,1.602940959,0.7419354839000001,1,23.3628900618608
56,b,µPlastic,1,6,65,1.263314488,0.935483871,1,23.2768131362245
57,b,Surfactant,1,11,40,0.7709589041,0.53125,1,23.1527245222905
58,b,All_in,5,14,25,0.5942397959,0.44117647060000004,5,23.5007032636755
59,c,Copper,1,4,75,1.086963235,0.42424242419999997,1e-16,23.1674763536569
60,c,Nitrogen,1,1,90,1.140682156,0.59375,1e-16,23.5183408690094
61,b,Nitrogen,1,8,55,1.120431507,0.6129032258,1,23.3940696223407
62,b,Surfactant,1,13,30,0.6068806228,0.5666666667,2,23.4810809501457
63,a,All_in,5,7,60,1.014127306,0.4375,2,23.2366950961177
64,c,Ctrl,0,14,25,0.6632706767,0.45161290319999997,3,23.4563510929367
65,a,All_in,5,5,70,1.04745614,0.5483870968,1,23.4125721802693
66,b,All_in,5,9,50,0.7763653846,0.5,5,23.4663275714933
67,c,Ctrl,0,5,70,0.6302894737,0.2903225806,1e-16,23.2009524576973
68,a,Nitrogen,1,9,50,0.816056338,0.4838709677,2,23.1192357284842
69,a,Copper,1,6,65,1.334539007,0.53125,1,23.3325051870869
70,c,Salinity,1,1,90,0.991243295,0.46875,1e-16,23.2068106302656
71,a,Surfactant,1,9,50,0.7328706294,0.6176470588,1,23.4045035873786
72,b,µPlastic,1,9,50,0.9426388889,0.5483870968,4,23.4310621268525
73,a,Salinity,1,9,50,0.967164311,0.5483870968,1e-16,23.3587801386106
74,a,Surfactant,1,15,20,0.5552576271,0.5882352941,3,23.8053673819521
75,b,µPlastic,1,14,25,0.8557308869,0.4117647059,5,23.439658944601
76,a,Salinity,1,5,70,1.24678169,0.6875,1e-16,23.1556623277599
77,b,Ctrl,0,2,85,0.5740517241,0.5333333333,1,23.2443145117006
78,a,µPlastic,1,6,65,0.9240214286,0.5454545455,3,23.3154592790744
79,a,Salinity,1,10,45,0.6012274306,0.4,2,23.3084128468196
80,c,Copper,1,5,70,0.964323741,0.5,1e-16,23.3199035162554
81,a,Copper,1,12,35,0.6148976109,0.4838709677,2,23.8965167720502
82,b,Surfactant,1,7,60,0.9543618182,0.6333333333,1e-16,23.5910973329207
83,c,Salinity,1,7,60,0.9615704225,0.5,1,23.4650190436753
84,a,Ctrl,0,15,20,0.6184532374,0.3548387097,5,23.4949754935197
85,a,Surfactant,1,13,30,0.6212716263,0.4375,6,24.0204892455341
86,a,Salinity,1,1,90,0.9004048583,0.34375,1e-16,23.031970038091
87,c,Salinity,1,5,70,1.392480427,0.5806451613,1,23.6285190464585
88,b,Ctrl,0,14,25,0.5969923077,0.5,2,24.0064245244578
89,c,All_in,5,5,70,0.7117885305,0.5862068965999999,1e-16,23.5420648083209
90,b,Copper,1,7,60,0.9797003546,0.4375,1e-16,23.6974453675238
91,a,Surfactant,1,2,85,0.9923210332,0.7333333333000001,1e-16,23.5559634347657
92,a,Copper,1,1,90,1.08286194,0.4848484848,2,23.5311291553072
93,c,Surfactant,1,10,45,0.7134684015,0.6206896552,2,23.5016919103599
94,c,Salinity,1,3,80,1.142947471,0.5806451613,1e-16,23.2875459418476
95,c,All_in,5,3,80,1.000918728,0.4848484848,1e-16,23.352001421035
96,b,All_in,5,3,80,1.042370787,0.4838709677,1e-16,23.419399189046
97,a,All_in,5,3,80,0.8325264151,0.6,1,23.5760626539207
98,b,Surfactant,1,1,90,1.122051923,0.42424242419999997,1,23.4734929916473
99,c,All_in,5,11,40,0.640677193,0.5,2,23.9268631207854
100,a,Copper,1,7,60,1.052125874,0.53125,1e-16,23.5706909796712
101,b,All_in,5,11,40,0.7573139159,0.5714285713999999,3,23.5962027708781
102,a,Ctrl,0,5,70,0.5294634146,0.32258064519999996,1e-16,23.3845946164561
103,c,Surfactant,1,11,40,0.6525897887,0.3939393939,4,23.4638092786464
104,c,Nitrogen,1,15,20,0.5580347222,0.2941176471,5,23.8012411306412
105,a,Ctrl,0,6,65,0.5313811475,0.1875,1e-16,23.6059193403585
106,b,µPlastic,1,8,55,1.131501767,0.5517241379,1e-16,23.806775390417
107,c,All_in,5,6,65,1.29927957,0.5666666667,4,23.3286333770717
108,b,Copper,1,15,20,0.5781040956,0.6551724138,6,23.3898327803662
109,a,Nitrogen,1,11,40,0.6929270833,0.5,2,23.6059370165829
110,c,Nitrogen,1,6,65,1.423813406,0.5483870968,1,23.4819845992027
111,a,Salinity,1,12,35,0.6923498294,0.7,1,23.7956411194455
112,c,Salinity,1,2,85,1.033692308,0.3548387097,1e-16,23.4892711850711
113,b,Nitrogen,1,6,65,1.618784173,0.625,2,23.842437352627
114,c,Copper,1,2,85,1.110535714,0.5294117647000001,1e-16,23.7726767757711
115,a,All_in,5,9,50,0.976875,0.6,2,23.7517113685047
116,a,µPlastic,1,13,30,0.5755699659,0.4117647059,4,23.8574221740202
117,b,Nitrogen,1,11,40,0.6271921708,0.46875,1,23.7940638700585
118,b,Copper,1,10,45,0.7081609589,0.4545454545,1e-16,23.6889634248015
119,b,Ctrl,0,11,40,0.7259648438,0.5294117647000001,2,23.4851473047271
120,b,µPlastic,1,3,80,0.8592175439,0.6,1e-16,23.4105655018384
121,b,µPlastic,1,5,70,1.061515517,0.46875,1,23.6093309846637
122,a,Copper,1,8,55,0.995421147,0.35294117649999995,1e-16,23.7083221133749
123,a,µPlastic,1,5,70,0.8806837456,0.5294117647000001,1e-16,23.1502224418009
124,c,Ctrl,0,13,30,0.658527972,0.4375,3,22.6861841591686
125,b,Copper,1,11,40,0.6306701031,0.6875,3,23.8542784392519
126,b,Surfactant,1,12,35,0.6428881119,0.46875,2,23.6571258038586
127,c,µPlastic,1,14,25,0.5871797945,0.42424242419999997,5,23.5976285046629
128,b,Surfactant,1,2,85,0.9995660377,0.3235294118,1,23.5250906141472
129,b,Surfactant,1,6,65,1.391108696,0.724137931,1e-16,23.3756250846102
130,c,Copper,1,6,65,1.120442238,0.45161290319999997,1e-16,23.7243710627727
131,b,Copper,1,9,50,0.8355214286,0.46666666669999995,1e-16,23.4747986694112
132,c,µPlastic,1,8,55,1.204365497,0.53125,1,23.3773458243879
133,c,Salinity,1,12,35,0.6791708185,0.5,5,23.5667351687596
134,a,Copper,1,11,40,0.6455195035,0.59375,1e-16,23.7726111344889
135,b,Ctrl,0,7,60,0.8240894309,0.46875,1e-16,NA
136,b,Nitrogen,1,1,90,0.8728959108,0.5833333333,1,23.1921472986356
137,b,Salinity,1,10,45,0.7282152778,0.53125,1e-16,NA
138,a,All_in,5,12,35,0.6010904437,0.4,2,23.2112502476604
139,a,Salinity,1,15,20,0.5826086207,0.4848484848,5,23.9192461142115
140,b,Ctrl,0,12,35,0.6010423077,0.42424242419999997,3,23.4865655323703
141,c,All_in,5,13,30,0.6442288136,0.53125,4,23.8526138061389
142,b,µPlastic,1,1,90,0.7601405109,0.3870967742,2,23.3612688522152
143,b,Nitrogen,1,12,35,0.6352037671,0.48,4,23.8828974706021
144,b,Surfactant,1,14,25,0.6125140351,0.5,4,23.631643801348
145,a,Nitrogen,1,6,65,1.508876344,0.4848484848,1,23.609277040566
146,a,Surfactant,1,3,80,1.042676786,0.4857142857,1e-16,23.4235376216837
147,c,µPlastic,1,2,85,0.7311487455,0.5357142857,1e-16,23.5987091947989
148,c,Copper,1,11,40,0.6513362676,0.44117647060000004,3,23.3650056553369
149,b,Copper,1,6,65,1.394327586,0.6451612903,1e-16,23.5595388434169
150,b,µPlastic,1,7,60,0.9500232143,0.5483870968,2,23.4708161077669
151,c,µPlastic,1,15,20,0.5680459184,0.6666666667,6,23.5034710805736
152,a,Ctrl,0,7,60,0.8303162393,0.4838709677,1e-16,23.5497532094817
153,c,Salinity,1,6,65,1.086632979,0.46875,1e-16,23.5783526541054
154,b,Nitrogen,1,5,70,1.20787963,0.6571428571,1,23.2642093395293
155,c,Ctrl,0,7,60,0.8810787402,0.4482758621,1e-16,23.5697882692796
156,c,Surfactant,1,8,55,1.206209507,0.53125,1,23.3883578920551
157,a,Ctrl,0,9,50,0.660875969,0.3870967742,1,23.583810563362
158,a,Nitrogen,1,15,20,0.4956128472,0.35294117649999995,6,23.5198042318733
159,a,Surfactant,1,11,40,0.7237890071,0.5517241379,2,23.530437034071
160,c,Salinity,1,13,30,0.5941849315,0.46666666669999995,4,23.5229592423567
161,a,Nitrogen,1,14,25,0.561346831,0.35294117649999995,2,23.469151495917
162,c,All_in,5,8,55,1.201774476,0.5428571429,2,23.641301926281
163,b,Salinity,1,1,90,0.7172593284,0.4117647059,2,23.5934607165034
164,c,µPlastic,1,7,60,1.116140288,0.53125,2,23.5618891097539
165,c,Nitrogen,1,5,70,1.109286765,0.42424242419999997,1e-16,23.341416238964
166,a,Copper,1,14,25,0.485681338,0.4838709677,6,23.862881484835
167,b,Surfactant,1,5,70,1.224630357,0.5483870968,1e-16,23.4804656510985
168,c,µPlastic,1,4,75,1.064510676,0.5862068965999999,1,23.2046918195227
169,b,All_in,5,8,55,0.9478701754,0.6451612903,2,23.7206322335416
170,a,Surfactant,1,12,35,0.6693137931,0.53125,4,23.6904887617661
171,b,Nitrogen,1,15,20,0.6348270548,0.4848484848,5,23.9049497536583
172,b,µPlastic,1,2,85,0.7063631387,0.6,1e-16,23.1576331291231
173,c,Surfactant,1,6,65,1.072129964,0.3939393939,1e-16,23.449308304947
174,a,µPlastic,1,3,80,0.891682971,0.5806451613,1e-16,23.1845631187661
175,b,All_in,5,6,65,1.170503497,0.59375,1e-16,23.6705879512297
176,c,Nitrogen,1,11,40,0.6453706897,0.46875,2,23.4636730621267
177,b,All_in,5,1,90,0.7168291367,0.40625,2,23.2764623445139
178,a,Ctrl,0,3,80,0.4902142857,0.34375,1e-16,23.3683463346645
179,b,Ctrl,0,6,65,0.7392076271,0.3666666667,1e-16,23.6077393566117
180,a,Salinity,1,8,55,0.9861571429,0.5161290323,1e-16,23.6114348916947
181,b,Copper,1,14,25,0.6397825342,0.375,5,23.7172784732124
182,a,µPlastic,1,15,20,0.5646729452,0.42424242419999997,4,23.7074856914081
183,c,Ctrl,0,6,65,0.6980263158,0.34375,1e-16,23.515912676285
184,a,Nitrogen,1,8,55,0.88195,0.59375,1e-16,23.4608074704378
185,c,Nitrogen,1,9,50,0.8962522936,0.6129032258,1,23.2156082148775
186,a,All_in,5,8,55,0.9120283688,0.5666666667,2,23.4241352773157
187,c,Nitrogen,1,8,55,1.223740143,0.5483870968,1,NA
188,c,All_in,5,12,35,0.6744724138,0.3939393939,4,23.6070103898479
189,c,Ctrl,0,15,20,0.5947463235,0.6,5,23.7596751791498
190,b,Surfactant,1,10,45,0.744625,0.4545454545,2,23.6580164539479
191,a,µPlastic,1,9,50,0.8148506944,0.4838709677,1,23.5176827154723
192,c,Salinity,1,8,55,1.004695122,0.5483870968,2,23.4626731966608
193,b,Nitrogen,1,10,45,0.7031027875,0.4545454545,2,23.5917046772426
194,b,µPlastic,1,13,30,0.5213847458,0.34375,5,23.4319026547706
195,c,µPlastic,1,6,65,1.07330036,0.65625,1,23.1191953602033
196,b,All_in,5,4,75,1.027721519,0.4482758621,2,23.5035516007157
197,c,Copper,1,13,30,0.6568229167,0.6666666667,3,23.5945046363315
198,a,Salinity,1,3,80,1.045830935,0.5517241379,1e-16,23.2449565525967
199,b,Ctrl,0,5,70,0.4601666667,0.2424242424,2,23.463832303126
200,c,Nitrogen,1,12,35,0.5885625,0.45161290319999997,5,23.4280513048397
201,a,All_in,5,10,45,0.6755526316,0.4375,2,23.2211483475521
202,c,All_in,5,14,25,0.4715704698,0.25,4,23.8625469804332
203,c,Nitrogen,1,3,80,1.054066914,0.3055555556,2,23.2829882533827
204,a,All_in,5,11,40,0.6186346863,0.46875,3,23.2589491304096
205,b,Salinity,1,7,60,1.088949821,0.5294117647000001,1e-16,23.3824048674863
206,a,Salinity,1,14,25,0.5679773519,0.6129032258,5,23.5703577139484
207,a,All_in,5,15,20,0.5638681507,0.4838709677,5,23.7515932655393
208,b,All_in,5,7,60,0.7564907407,0.5454545455,3,23.6017920308493
209,a,Copper,1,4,75,1.055998208,0.5806451613,1e-16,23.5390679941304
210,c,µPlastic,1,3,80,0.859360424,0.33333333330000003,1e-16,23.5060780705331
211,c,Copper,1,8,55,0.9038951049,0.4375,2,23.5184152287828
212,a,Ctrl,0,13,30,0.5857153846,0.48275862070000003,3,23.7491029593538
213,c,All_in,5,7,60,1.191771429,0.4838709677,1e-16,23.6095916939807
214,a,Ctrl,0,4,75,0.4235607477,0.375,1e-16,23.536429862403
215,c,Nitrogen,1,10,45,0.7936888112,0.5,3,23.3306461802587
216,b,Salinity,1,8,55,1.168338596,0.5,1e-16,23.5075606569864
217,c,µPlastic,1,12,35,0.6534161074,0.2666666667,4,23.4622116560875
218,b,Copper,1,5,70,1.008527473,0.625,1e-16,23.7427456870191
219,c,Ctrl,0,11,40,0.7086330645,0.5625,3,23.7326089744307
220,a,Nitrogen,1,3,80,1.123628159,0.44117647060000004,1,23.2577987119319
221,b,All_in,5,13,30,0.5266471572,0.3421052632,5,23.8181995294645
222,a,All_in,5,1,90,0.5637921569,0.5714285713999999,2,23.6517867554414
223,b,Salinity,1,15,20,0.7045909091,0.5,5,23.5444568977453
224,a,All_in,5,4,75,1.071034799,0.6,1,23.6064018304259
225,a,Ctrl,0,10,45,0.7030073529,0.3939393939,4,23.6971791884401
226,c,Copper,1,12,35,0.6535532646,0.4838709677,4,23.6628050475055
227,c,µPlastic,1,5,70,0.6930982759,0.6785714286,1e-16,23.6155595553981
228,c,Ctrl,0,1,90,0.4863472222,0.45161290319999997,2,23.3450582426943
229,a,Surfactant,1,14,25,0.5998686869,0.5625,4,23.6026800047662
230,c,Ctrl,0,2,85,0.4469954128,0.45161290319999997,2,23.3169784115411
231,a,Surfactant,1,10,45,0.6479516129,0.5517241379,1,23.702143455271
232,c,Salinity,1,10,45,0.7242031802,0.4838709677,1,23.5580402275579
233,c,µPlastic,1,10,45,0.6812195122,0.7037037037,3,23.6462754457793
234,c,All_in,5,10,45,0.6685360825,0.4193548387,3,23.8470215092093
235,a,µPlastic,1,4,75,0.6298708487,0.33333333330000003,5,23.627072013303
236,a,µPlastic,1,14,25,0.6337508475,0.5,5,23.7553591818813
237,c,Ctrl,0,12,35,0.5427961538,0.4193548387,1e-16,23.5776123299054
238,b,µPlastic,1,15,20,0.6397174658,0.7941176471,3,NA
239,c,Surfactant,1,7,60,1.063630282,0.625,1e-16,23.6717001013422
240,a,Surfactant,1,7,60,1.070842857,0.4,1e-16,23.5332165277586
241,a,Ctrl,0,8,55,0.9860447154,0.45161290319999997,1e-16,23.5749430839163
242,c,Copper,1,10,45,0.6790605536,0.6,4,23.5879652446659
243,b,All_in,5,5,70,0.5849908425,0.3939393939,1e-16,23.834042136978
244,c,Surfactant,1,4,75,0.8768810409,0.5172413793,4,23.3543105825539
245,c,All_in,5,1,90,0.8309719101,0.375,2,23.4287885680663
246,c,Salinity,1,4,75,0.9222166667,0.5161290323,1,23.4034665881706
247,b,All_in,5,12,35,0.6326728814,0.5625,4,23.8316815421052
248,c,µPlastic,1,11,40,0.69276,0.5,5,23.6843674270882
249,b,Ctrl,0,13,30,0.638093985,0.3636363636,5,23.5953739006103
250,c,Surfactant,1,15,20,0.5524047619,0.4,4,23.5401684570598
251,a,Ctrl,0,11,40,0.6241192308,0.5,4,23.6659482239832
252,a,µPlastic,1,2,85,0.7789566787,0.5161290323,2,23.3702795540208
253,b,Nitrogen,1,13,30,0.6577193878,0.46875,5,23.7125004306384
254,b,All_in,5,2,85,0.8960072993,0.6333333333,2,23.5896483461524
255,b,µPlastic,1,10,45,0.7065050847,0.5333333333,3,23.7756295251553
257,b,µPlastic,1,4,75,1.043381206,0.3939393939,1e-16,23.7252594369323
258,b,Surfactant,1,15,20,0.5238986014,0.3421052632,5,23.4907313113812
259,b,Nitrogen,1,2,85,1.09547191,0.4545454545,4,23.5628718233352
260,c,Ctrl,0,10,45,0.535144,0.45161290319999997,2,23.490300193868
261,c,All_in,5,2,85,0.7177683824,0.36111111110000005,1e-16,23.6329247430338
262,b,Copper,1,8,55,1.082548043,0.5,1e-16,23.6666796642051
263,b,All_in,5,10,45,0.7395,0.6129032258,2,23.5959683434349
264,c,µPlastic,1,13,30,0.6490858586,0.4375,5,23.6572710069286
265,b,Nitrogen,1,7,60,0.9369805654,0.5151515152,1e-16,23.4084594547388
266,c,Nitrogen,1,4,75,0.9856574074,0.4838709677,1e-16,23.6258244687775
267,b,Copper,1,1,90,0.9491509434,0.5806451613,1e-16,23.629406496584
268,c,All_in,5,9,50,1.002206522,0.6060606061,2,23.6980920234635
269,b,Salinity,1,12,35,0.6160489865,0.5,3,23.4644402196467
270,c,Ctrl,0,3,80,0.6105854701,0.5714285713999999,1,23.5832230665574
271,a,µPlastic,1,10,45,0.7220324232,0.4375,1,23.3941366363457
272,b,Ctrl,0,10,45,0.5278398438,0.53125,3,23.4101941732482
273,c,Ctrl,0,4,75,0.5534190476,0.4193548387,1e-16,23.6773026731874
274,c,All_in,5,4,75,1.189667832,0.4375,1,23.9453731911843
275,b,Ctrl,0,8,55,0.6969637681,0.5161290323,2,23.4009473086516
276,b,Copper,1,2,85,1.131251852,0.5161290323,1e-16,23.4253376144024
277,a,Nitrogen,1,2,85,1.001448339,0.40625,1,NA
278,a,Nitrogen,1,10,45,1.274846591,0.4838709677,3,23.2113172593211
279,a,Nitrogen,1,4,75,1.166528269,0.45161290319999997,2,23.646204042667
280,c,Ctrl,0,9,50,0.6169230769,0.5483870968,1e-16,23.8009058971752
281,c,All_in,5,15,20,0.6377038328,0.45161290319999997,5,23.7239117439092
282,c,Salinity,1,14,25,0.5616837456,0.5333333333,3,23.3327843262169
283,a,Copper,1,5,70,1.048730916,0.375,1e-16,23.7560673199659
284,a,µPlastic,1,12,35,0.6692972973,0.5333333333,4,23.5442497612526
285,b,Surfactant,1,4,75,1.043653285,0.33333333330000003,1e-16,23.5351734658296
286,b,Salinity,1,2,85,0.8862313433,0.23333333329999997,1e-16,23.4795160288098
287,b,Ctrl,0,1,90,0.4256584158,0.5517241379,1e-16,23.8416423451436
288,a,Nitrogen,1,12,35,0.6449634146,0.5806451613,4,23.2073847909016
289,b,Copper,1,3,80,1.062669742,0.4838709677,1e-16,23.6023092756292
290,a,Salinity,1,7,60,1.26362543,0.5172413793,1,23.9215969844774
291,a,Ctrl,0,14,25,0.6445735294,0.5161290323,5,23.4483919243108
292,b,Salinity,1,9,50,0.8013615917,0.5172413793,4,23.6863358580705
293,a,Ctrl,0,1,90,0.5453772727,0.40625,1,23.651102462022
294,c,Nitrogen,1,13,30,0.5550135593,0.4375,4,23.7545354132155
295,c,Copper,1,15,20,0.6594486301,0.5,5,23.6470963149559
296,a,µPlastic,1,11,40,0.603164311,0.5454545455,5,23.7738728724997
297,b,Nitrogen,1,3,80,0.9262392857,0.4838709677,1e-16,NA
298,b,All_in,5,15,20,0.6034895833,0.375,5,23.4072715758898
299,a,Ctrl,0,2,85,0.4832478992,0.53125,1e-16,23.5997419821588
300,b,Salinity,1,5,70,0.84796223019999994,0.46666666669999995,1e-16,23.7760279179851
301,a,Ctrl,0,12,35,0.6002740741,0.41666666669999997,2,23.4695652420899
302,a,µPlastic,1,1,90,0.6611014493,0.5,2,23.5588128340782
303,c,Nitrogen,1,7,60,0.8226768953,0.45161290319999997,2,23.516940336411
304,c,Surfactant,1,9,50,0.86715,0.41666666669999997,2,23.4666639771897
305,a,Salinity,1,2,85,0.9757633588,0.5,1e-16,23.6005436130594
306,c,Salinity,1,15,20,0.5983737024,0.625,4,23.8732362444264
307,a,Copper,1,9,50,0.7210804795,0.9310344827999999,1,23.7036122369198
308,b,Copper,1,12,35,0.597665493,0.5517241379,5,23.1681958991863
309,c,Nitrogen,1,2,85,1.011784644,0.6129032258,1e-16,23.5875712788142
310,c,Copper,1,3,80,1.207604779,0.5757575758,1e-16,23.5503347181986
311,c,Surfactant,1,5,70,1.291564576,0.40625,1e-16,23.5900864296047
312,a,Copper,1,15,20,0.5700034722,0.4,4,23.5178036414792
313,b,µPlastic,1,12,35,0.5943973064,0.4857142857,5,23.6425531057357
314,c,Surfactant,1,13,30,0.5670436242,0.75,5,23.6966610036489
315,b,Ctrl,0,9,50,0.660388,0.5666666667,1e-16,23.5285022631126
256,c,Copper,1,1,90,0.9350992647,0.42424242419999997,1e-16,NA
316,NA,NA,NA,NA,NA,NA,NA,NA,23.6232892303183
